16107,2,2
31104,8,15
9020,1,1
12109,2,0
44015,0,0
14111,1,4
14014,2,1
32017,1,4
11104,1,1
8026,2,7
6003,12,6
13007,8,0
30002,0,0
5110,1,6
6108,8,1
33006,6,2
42016,2,3
41301,5,5
6021,10,7
21010,20,0
25006,1,1
17038,0,15
15202,0,0
7003,16,36
7002,14,8
17041,3,5
17026,1,0
5016,4,8
11025,28,7
15047,0,1
8050,16,13
13101,5,6
14108,1,3
31024,1,5
15026,16,3
47007,4,10
10013,2,4
17044,5,2
19033,6,1
17025,3,6
21326,0,1
20143,1,4
43002,3,2
16138,0,4
21216,0,2
15068,2,5
22207,6,3
7004,12,4
92002,2,7
13030,2,3
6029,9,16
19027,0,1
31028,8,3
17048,1,1
44017,20,0
16118,0,5
2017,4,5
9008,0,0
8103,12,5
8048,5,13
21323,0,0
14013,4,2
13118,49,7
7011,15,4
18111,0,1
9002,0,1
48003,0,3
16110,2,5
18134,0,0
14002,4,5
9014,23,2
43009,1,6
8053,9,19
9001,3,0
17032,4,4
8016,14,11
10162,0,1
10115,1,0
10029,0,0
5005,5,4
10161,3,3
41303,20,7
12031,29,3
7018,8,8
5022,6,5
9106,9,2
21328,0,0
11046,10,1
8201,2,17
17040,4,1
9038,1,3
8009,11,9
1001,11,6
19105,0,0
31103,1,10
17008,8,4
15112,0,1
7025,23,1
6001,7,7
31706,1,2
22409,0,1
5020,32,6
19015,0,1
9022,18,11
26003,1,2
17004,0,1
19003,0,0
8036,5,18
12151,5,10
18107,1,1
92007,4,12
16026,1,7
9028,1,5
10107,1,1
17043,1,3
19026,0,0
11002,3,2
16039,5,1
11023,1,6
45003,0,2
31009,0,2
17030,0,0
12111,0,4
8034,21,9
11047,12,2
19043,0,0
5032,2,34
14020,0,0
20042,1,2
15067,7,2
43401,9,6
26002,2,8
6006,5,8
11027,3,5
12128,18,14
8010,1,2
31022,0,3
19101,1,1
14003,3,1
46002,9,7
18003,0,1
11113,9,3
10016,2,0
41302,2,2
21212,4,2
5018,31,5
33017,3,2
15042,8,4
20112,0,3
13001,3,4
19044,7,6
18011,1,0
43008,0,5
33102,0,1
8045,20,32
42706,0,3
15104,50,6
44006,1,6
15105,18,2
19120,0,1
5004,4,7
19103,2,1
14138,0,3
12114,3,1
46003,0,4
41209,1,0
21312,0,0
10024,1,4
18031,0,1
17203,0,0
18028,0,2
42014,16,2
8017,26,22
15054,7,0
15106,22,2
14008,0,0
5124,1,12
14106,1,0
18046,0,0
22406,2,3
35002,0,6
31102,0,1
2111,13,11
18022,0,4
8054,4,15
15109,6,7
21209,1,2
14012,2,3
21005,13,2
35010,3,3
10042,15,6
14124,1,1
15133,1,2
15110,19,4
21006,12,6
20131,0,0
44013,1,5
31008,2,3
21015,14,1
44003,16,2
15034,23,3
41404,5,0
48010,1,3
22203,1,6
17031,0,0
41202,1,10
42021,10,0
11030,1,1
1119,5,4
31708,0,3
35020,0,1
5106,6,8
25003,1,2
20115,0,0
31003,3,4
22402,3,1
9116,11,4
21008,4,7
11039,3,2
17013,1,2
16008,3,20
13050,42,6
11026,1,4
32604,0,1
19024,0,0
41601,4,8
9010,5,1
15021,26,3
17105,9,1
5012,1,10
8057,4,11
15103,11,4
18009,1,1
22003,5,11
16038,1,9
11105,3,5
14110,1,2
17125,2,6
16108,15,0
43005,10,20
11024,4,1
16136,24,2
19032,2,1
19022,1,1
21701,3,1
20134,0,0
24001,7,6
22016,1,3
14136,0,0
8025,25,6
32302,0,3
10014,14,6
13002,2,5
11035,0,2
42010,24,2
15046,0,0
46001,8,4
16040,11,3
22006,13,10
17028,2,2
21301,7,0
42302,1,4
1002,12,2
19029,1,1
9032,15,15
19016,0,1
32003,8,11
21104,12,4
11042,8,3
9005,0,0
7102,9,12
15013,7,2
19013,2,3
5123,21,4
26013,0,0
42301,4,10
8013,12,16
42504,0,2
20111,0,0
42015,10,0
32016,1,2
15201,15,5
31010,1,1
20121,0,1
5006,0,0
19008,1,1
92008,3,6
41402,8,4
43003,3,1
11004,19,3
7005,36,3
11036,6,1
18012,0,1
12009,2,7
19125,2,1
14036,0,1
18201,2,1
9021,5,0
23009,7,15
12027,1,0
32303,5,12
42029,1,1
12115,3,2
8035,8,11
21313,19,0
6013,19,8
28001,3,8
26007,1,3
17102,0,3
16111,0,1
19005,0,3
11007,4,2
15025,31,1
35018,2,0
18110,1,3
7015,35,10
10113,2,0
41606,9,1
17011,2,2
17045,1,3
43402,14,1
33018,11,4
12013,0,3
11009,0,2
11115,1,1
21305,15,9
14021,0,3
5021,34,3
8033,22,4
16121,6,1
14117,0,2
23001,22,10
15010,0,0
41102,2,2
17037,6,5
18141,0,1
19004,0,0
17042,0,0
16124,1,2
11102,4,8
33003,3,4
33009,7,4
20043,1,1
7009,40,19
25005,0,0
22505,2,2
13045,8,12
19115,3,2
14034,2,1
32010,14,13
16018,2,3
12034,8,9
15033,8,3
24002,0,0
33001,9,22
16034,5,23
20132,1,1
5114,10,0
20119,0,1
19019,1,1
21403,0,3
13014,8,4
42207,22,2
12030,4,2
42707,1,2
20036,0,1
92003,3,6
5119,34,2
35009,1,1
31705,0,0
8055,3,3
27002,10,9
21109,1,0
20120,0,0
23701,0,0
17007,0,3
21502,1,12
14001,0,1
31012,0,1
12126,2,2
12024,3,1
16129,11,5
35019,0,0
14104,0,0
20113,0,4
41604,11,9
15017,0,0
15029,36,7
17018,2,3
5116,22,1
18005,0,4
10005,5,1
13104,0,0
92004,2,3
18020,1,1
20136,1,4
5026,20,8
43006,15,0
5002,29,2
15028,49,3
8102,7,5
8012,0,4
14018,1,2
31702,0,1
21013,1,0
42503,2,2
23011,6,11
21111,12,4
7014,20,1
7006,16,10
2010,15,12
11114,15,1
20040,1,1
17017,2,2
10023,0,0
21105,7,4
8101,0,0
34002,3,4
13026,2,1
23002,32,2
14139,0,3
13102,25,17
11101,1,3
15055,41,4
14130,0,0
10015,5,5
41207,5,13
16006,0,6
12011,4,2
21308,22,11
21019,9,7
6018,5,4
12032,11,7
19037,1,2
20109,0,0
6107,11,5
6103,18,21
15038,3,2
21032,13,13
19109,0,0
31019,3,1
32014,9,2
18032,0,2
17124,2,8
44012,1,1
17027,1,3
10165,2,0
31016,0,2
51003,7,11
22101,9,9
13016,20,12
13043,38,11
8051,1,8
11020,2,4
14122,1,0
44102,5,2
9115,4,4
16123,10,2
19039,0,1
16032,2,10
21003,6,7
22001,9,4
18025,0,1
17122,0,1
20027,0,1
9023,17,12
20021,0,1
31007,2,4
15108,2,1
19040,0,4
26001,0,2
17047,0,1
6016,13,5
41204,0,1
16004,0,0
17046,2,0
17121,0,2
47006,5,0
10020,3,0
18113,0,2
19009,2,7
18109,0,3
19038,0,2
18029,0,2
21703,0,1
35017,7,1
20118,0,4
16021,1,2
9031,9,11
9117,1,2
20023,0,0
6030,18,8
15035,9,2
18049,3,5
31703,0,0
35003,6,2
15031,39,6
21014,8,11
11041,2,1
35014,0,0
47005,27,2
11006,10,2
19127,0,0
16015,4,9
15070,32,2
1120,0,6
12107,2,2
14112,2,0
47004,13,0
9026,2,1
21001,20,5
18033,3,0
11010,4,2
16122,17,0
15002,0,3
21310,18,2
23007,2,4
20016,2,0
32015,4,2
10010,4,1
5121,10,7
16043,0,2
20116,1,1
16027,15,2
11043,8,1
1117,20,4
18017,0,2
32004,17,15
16029,16,4
8019,1,4
9017,0,1
18008,0,3
16112,0,3
12161,10,1
42703,3,1
14030,2,1
20201,0,1
13046,14,6
22102,0,0
12004,4,3
13103,14,3
15003,1,1
4110,12,2
6032,15,7
17022,3,5
7020,30,4
19041,0,6
15107,14,7
10036,0,1
23304,18,1
6017,4,6
10114,5,4
23403,0,0
7008,13,3
13122,1,5
21114,1,2
20137,0,0
23903,0,0
31704,1,0
21024,6,10
19023,0,0
32603,0,0
7013,16,4
2013,7,7
21311,44,3
12041,7,3
15059,53,2
8038,13,11
7016,40,9
18138,5,4
8056,3,0
4013,8,0
14006,2,1
4011,20,1
45001,7,10
7101,30,12
13041,6,2
9118,1,0
10163,0,3
31023,0,1
2001,12,4
18042,2,2
20019,0,0
18137,3,2
17116,1,1
12108,26,6
31013,0,2
18001,0,0
32018,7,0
17016,1,2
20202,0,2
18019,1,1
5019,12,2
15063,8,3
11003,5,1
11034,2,3
1016,13,11
9012,22,8
15020,7,0
41206,9,1
13113,2,6
19031,1,1
13114,4,1
15061,14,4
20017,2,2
11019,3,1
23008,2,1
8015,20,10
16016,1,0
7026,14,6
21108,2,1
6014,18,2
14116,0,1
31018,2,5
47002,12,3
33005,1,3
2110,9,12
1022,13,16
13019,16,16
8049,3,15
14007,1,1
10164,2,0
11107,21,3
9113,10,7
20103,0,0
2014,8,8
16041,18,0
4109,8,4
3101,2,9
23302,9,3
8105,8,20
12010,12,5
6031,23,5
11048,10,4
2101,15,3
21952,7,1
12154,0,7
5030,19,29
8029,17,8
9015,15,6
22017,6,6
19021,1,1
11012,0,0
17104,5,2
11044,4,1
19030,1,2
21004,12,10
22002,4,3
35008,0,1
13022,0,1
20045,0,0
11110,4,2
16031,1,5
12127,24,21
12153,30,18
5028,17,4
17005,0,1
21017,18,13
14127,1,1
14016,1,5
12033,15,12
12120,7,2
22012,3,5
18142,0,0
18014,1,0
18035,8,4
13110,2,1
23105,0,0
42011,24,4
15009,10,1
23005,6,3
21120,2,1
20117,0,2
48009,1,3
14125,0,1
21009,9,12
4107,13,1
20047,11,1
9013,13,6
31017,0,3
13047,10,2
23006,11,7
18114,0,2
44103,11,1
22403,1,2
21951,1,5
92005,6,3
22103,0,1
19113,0,0
22009,3,2
14128,1,3
20004,5,2
10039,0,1
13117,16,6
7024,20,5
12125,15,13
31101,1,5
31026,0,6
17001,2,0
12129,9,9
9016,3,3
35004,4,3
33104,0,1
13515,4,2
12150,17,3
8011,0,1
13021,1,1
13020,26,12
11031,0,4
19124,0,0
35011,2,0
19036,0,2
14113,2,4
10152,0,2
35015,0,6
32021,7,23
15019,1,0
15060,16,4
16007,7,10
10110,1,2
15131,6,2
10037,0,1
20002,0,1
16014,0,5
9036,5,4
12006,37,4
15125,37,7
31707,0,0
13027,0,2
21316,1,0
17029,3,1
10004,4,1
21118,5,0
11103,9,4
8008,9,4
21203,0,6
5034,62,3
10017,1,2
22013,5,2
21115,2,1
19025,0,2
16009,0,4
21029,10,11
7111,17,5
20039,0,7
10153,0,3
15072,13,8
21708,0,6
14101,1,3
13048,4,4
41210,0,1
42304,11,1
11109,2,3
17033,0,0
15052,8,6
31021,0,2
44002,13,10
16115,4,11
13039,1,0
15123,23,2
21030,12,2
21031,26,5
16024,17,1
21702,0,3
15043,0,0
17039,2,4
22604,0,2
20009,1,1
10012,3,0
21213,9,5
16101,5,6
42305,0,1
11032,4,5
13121,35,4
16003,3,7
21028,7,3
21307,16,8
5107,9,6
20007,4,2
32301,0,1
12043,12,2
8549,12,11
20108,0,0
21219,0,1
13011,0,1
10018,0,2
31025,0,2
32001,0,0
5014,11,10
22008,0,0
32011,18,17
13033,0,3
42701,0,0
20122,0,1
16020,2,6
11038,18,6
18027,0,2
13126,0,3
4003,7,3
16030,23,6
8020,2,6
17015,0,4
22501,0,7
15023,20,5
4001,18,9
42003,16,4
13128,8,9
23003,12,12
14131,0,5
17023,1,0
19108,3,1
44007,10,1
4016,25,3
6008,6,9
10105,2,6
17003,0,0
42501,7,2
35001,0,0
13109,2,0
4002,11,1
21204,0,2
42209,10,4
43001,14,2
22206,0,0
13106,0,6
11021,0,2
14010,1,1
21217,0,0
15064,37,4
15030,38,18
9114,1,0
16011,1,6
12007,2,1
25001,12,17
18043,2,3
35007,1,0
47001,29,14
44101,26,1
13032,0,2
21306,41,21
8037,10,8
27004,1,3
22303,8,6
11017,0,1
92001,0,3
18038,0,0
23004,10,7
43010,0,1
17107,6,1
15005,0,1
15057,31,6
16002,8,2
15004,1,0
23010,5,5
6027,1,3
18007,1,3
19128,0,1
22408,1,1
18006,0,1
21401,0,1
13044,2,8
9027,0,0
17108,10,4
16001,0,8
4020,3,3
15022,37,1
9024,25,21
1021,12,4
33015,1,7
7017,32,6
15311,13,14
35006,4,4
41205,0,2
18041,1,1
22015,10,5
12018,3,5
17111,0,1
44016,8,0
44005,11,7
17119,0,2
15011,22,3
9004,0,2
51002,6,8
15071,19,0
4021,14,2
32601,1,0
15102,19,0
33016,5,2
12026,10,5
27005,3,7
17123,0,3
6012,11,1
13009,2,2
18044,0,3
21319,15,8
9102,13,2
21501,0,0
9006,1,2
21314,24,3
18030,1,2
92006,3,3
5024,4,2
31005,3,2
12038,0,0
12005,10,2
13516,10,3
12155,16,3
13010,0,7
9011,6,4
7109,25,5
13025,0,2
12028,1,1
9034,8,10
12035,6,0
10021,1,1
5001,36,7
5115,13,5
41211,1,0
44011,0,3
2108,12,24
12101,7,4
21707,0,5
4019,17,9
8116,0,0
15129,26,3
3102,16,12
20015,2,2
51001,8,10
8027,2,4
15039,1,0
21315,0,2
2112,13,3
6022,16,3
15006,4,4
21402,0,1
11011,10,3
41403,14,1
23102,13,2
21303,6,0
33014,4,4
9007,0,1
13052,33,8
17024,3,1
15127,27,8
13035,2,0
15036,8,4
20105,6,9
33103,0,2
14032,0,3
41401,4,4
6002,18,4
14031,2,2
20044,1,1
16019,10,15
33012,3,1
10019,2,2
13018,12,8
11033,24,1
41203,0,0
10033,0,0
18039,0,1
16005,0,3
17009,1,0
14011,0,0
5007,14,16
20022,0,0
4006,12,7
12036,5,5
14026,0,1
16105,0,3
10008,5,1
16012,16,18
16036,43,13
42505,21,3
8117,15,7
10032,3,1
12015,1,3
48004,0,0
26004,5,10
18139,1,2
16042,7,5
1020,25,12
1006,10,5
15008,8,3
19110,3,4
11112,2,1
22201,0,2
18202,1,2
3008,14,3
15001,3,5
5015,15,5
45002,11,0
6010,1,7
15128,24,6
44014,5,1
12037,1,3
17019,0,2
16037,13,13
47003,6,3
18004,1,3
20034,0,0
16013,0,4
7012,15,7
20001,1,1
20008,1,2
14103,3,2
18034,2,1
6104,4,13
12019,2,2
16102,3,4
20104,0,1
14135,1,1
21309,32,6
8110,6,8
20024,0,2
3010,10,3
12156,3,2
18140,3,2
10034,0,0
4108,2,2
1007,8,4
13005,9,2
19002,4,2
9009,3,2
9037,0,2
19201,0,2
19010,3,1
22301,4,1
15132,1,1
41405,3,6
20006,2,0
16103,1,4
21026,10,13
3001,7,10
32013,3,3
10011,4,5
21953,2,5
7021,13,6
2015,22,9
12112,0,0
14137,0,1
14019,2,0
8028,3,22
31709,1,2
3011,15,6
10027,0,0
10009,1,10
11037,24,2
10006,12,6
22401,2,0
12002,8,1
19129,0,3
21506,0,3
4103,14,5
20029,0,0
2003,8,2
22503,0,2
1102,9,8
5122,5,10
21110,4,2
13017,5,6
2002,20,4
15111,2,4
3005,12,8
2005,10,1
12020,3,0
2021,25,14
24006,1,0
3009,4,3
14132,0,1
4014,19,0
26005,2,1
3012,7,4
23702,0,1
13125,14,9
14022,1,2
19012,0,4
31001,14,7
21507,2,4
22306,6,2
14023,2,1
22502,4,0
3006,24,5
15062,30,0
3004,10,2
3003,5,3
22504,2,6
19111,2,3
9111,15,3
18136,0,0
48005,1,1
4101,17,0
14133,2,1
4012,15,4
21215,2,2
41208,4,12
42704,2,2
21706,5,1
4017,6,0
10041,0,1
44001,4,4
4007,27,2
1014,16,4
4009,21,0
26006,9,4
42211,11,2
42026,1,2
2012,22,17
16044,12,5
4015,13,8
12163,14,12
3002,9,5
21509,0,0
13054,36,15
1012,4,5
2004,10,2
19130,2,0
35012,0,1
1018,15,6
21505,0,0
2016,10,2
33020,13,13
9039,13,8
22506,4,4
13038,0,1
4018,6,8
14134,0,2
2008,17,4
32019,3,9
1026,22,3
23101,1,1
6201,6,11
18015,1,1
1025,11,3
17106,14,1
1116,5,18
12164,0,0
12157,3,4
27001,5,1
2009,26,24
1017,10,5
15040,2,1
17021,1,4
6026,13,1
22601,1,5
42018,3,3
1023,9,10
48008,1,4
5003,20,10
19202,2,1
14201,0,0
3007,15,11
31020,3,0
28005,15,10
35005,0,3
18112,0,1
10201,3,3
16139,1,3
48007,1,13
6007,3,5
27006,10,3
42028,0,1
15122,2,0
12166,1,2
22603,0,0
12113,12,5
2109,8,1
16010,0,1
21119,6,4
1013,29,35
32022,0,0
23042,18,4
2102,25,9
42019,21,1
1015,15,0
2020,7,8
19046,1,1
32020,0,4
4005,4,5
1008,16,13
2006,15,7
9019,1,1
1024,16,3
44004,14,7
20010,0,0
19118,0,1
4010,9,2
12016,4,4
23301,2,0
42210,24,3
34013,6,5
44008,10,2
15058,42,18
10166,2,5
23104,19,7
21011,18,2
20140,0,0
48012,4,8
20048,0,1
23303,9,2
42022,16,1
15018,4,2
26012,3,2
17020,1,5
45004,0,18
23202,0,2
42030,0,0
13049,16,1
6015,42,12
13051,20,2
17202,0,0
23206,2,2
2022,18,16
10202,2,2
23703,1,2
20142,0,0
5027,17,4
42024,22,3
21704,1,0
1003,19,3
32012,17,20
33019,9,38
51008,6,8
18135,1,3
24101,1,2
34011,12,1
21329,11,0
15203,14,9
19121,0,1
25007,0,0
19114,0,1
12123,9,13
19006,0,2
21002,18,0
8040,13,15
13024,1,0
24004,5,2
13015,28,1
8052,9,18
8018,15,13
23041,18,2
15069,30,3
13116,8,4
11111,0,0
13006,6,0
12119,27,2
48006,3,8
15012,1,1
18016,0,1
19117,2,1
34010,0,4
15053,1,0
15024,13,5
21022,11,6
9025,26,11
20003,5,4
18010,1,4
15041,1,3
10003,1,5
11022,4,1
41103,5,4
41602,8,3
13028,11,0
14004,1,1
14027,0,2
11014,0,0
42303,12,2
48002,4,4
41605,1,2
30003,16,14
20012,1,0
19119,0,3
13120,9,2
35013,0,1
20020,0,1
12008,2,4
12102,14,2
24005,0,2
43007,10,3
20110,0,0
20032,0,0
22701,0,3
15050,5,1
16025,14,5
13036,1,2
14035,2,4
6025,7,4
14009,2,2
17117,2,8
16017,0,2
18021,0,1
16116,2,1
20013,1,1
7023,42,5
15045,0,0
25004,8,11
12022,0,5
14005,1,1
15027,0,0
21023,6,9
30004,8,10
31105,5,0
20014,0,1
5033,20,7
42205,9,4
31701,0,0
43004,10,3
8046,18,10
7010,36,14
17110,2,4
22404,1,1
8007,11,18
19102,1,3
21218,3,1
17006,1,0
18101,2,2
6028,30,5
20005,0,3
21207,0,0
10031,1,0
11016,0,2
12122,6,5
15120,19,4
21205,7,6
16023,0,3
11028,1,5
24007,1,2
16033,14,5
6004,4,6
15114,0,1
11029,2,4
19014,0,1
15014,1,1
13055,28,30
22014,2,11
20106,0,2
21027,18,4
15044,0,0
12040,6,6
8039,11,7
25002,0,1
15113,0,1
13023,1,1
19001,0,2
6005,2,1
16022,0,0
20011,1,0
13008,0,2
21007,40,8
19007,0,1
21016,3,4
5105,10,0
11018,3,5
13013,8,3
19123,3,4
21107,4,6
6020,30,2
22007,2,1
12039,2,3
13037,1,0
5031,29,12
12017,6,1
21511,17,1
14025,0,0
6009,28,7
42027,4,1
16104,1,11
20033,3,0
11040,1,0
30005,4,11
30007,2,0
17036,1,4
8044,13,13
1201,15,11
21510,0,0
41304,0,0
25009,0,0
21033,11,6
51007,0,5
21112,19,16
22703,17,1
17050,0,2
24010,7,4
8031,16,15
10001,6,1
20030,1,8
10028,1,2
41101,14,0
10151,1,3
16140,12,7
3201,14,5
20035,0,1
44010,11,3
21508,4,2
19018,8,5
7007,35,22
15032,53,1
20037,0,0
19045,7,7
8003,1,12
23106,0,0
22302,17,20
13053,11,3
9029,21,9
48011,0,3
11001,29,6
41212,0,3
34009,14,3
26010,0,0
22208,0,0
26011,5,3
18203,0,0
21327,0,0
21021,30,33
22209,4,2
45005,16,1
25010,0,1
35021,6,5
8002,17,26
12105,14,9
18018,0,1
10025,1,3
32305,0,1
21320,0,0
22305,14,2
18045,0,1
22507,3,3
12165,8,8
12001,28,5
21954,0,1
10038,1,1
11201,2,1
22005,7,3
12106,16,11
23205,1,0
22602,5,5
32023,10,1
23201,11,8
23203,1,1
9035,11,2
15056,32,1
17126,8,1
34005,0,4
17127,16,3
26008,1,3
26009,7,2
34008,8,0
34012,4,3
21302,7,1
31301,2,9
21514,0,0
31303,10,8
9104,20,17
4104,6,7
13123,54,21
10026,2,2
17010,6,1
18023,0,0
18026,0,1
18024,1,3
42004,15,1
8004,34,46
